208,0,72,57:109
208,0,72,57:109
208,0,72,57:109
208,0,72,57:109
208,0,72,57:109
208,0,72,57:109
208,0,72,57:109
208,0,72,57:109
208,0,72,57:109
208,0,72,57:109
208,0,72,57:109
208,0,72,57:109
208,0,72,57:109
208,0,72,57:109
208,0,72,57:109
208,0,72,57:109
208,0,72,57:109
208,0,72,57:109
208,0,72,57:109
208,0,72,57:109
208,0,72,63:109
208,0,72,63:109
208,0,72,63:109
208,0,72,63:109
208,0,72,63:109
208,0,72,63:109
208,0,72,63:109
208,0,72,63:109
208,0,72,63:109
208,0,72,63:109
208,0,72,63:109
208,0,72,63:109
208,0,72,63:109
208,0,72,63:109
208,0,72,63:109
208,0,72,63:109
208,0,72,63:109
208,0,72,63:109
208,0,72,63:109
208,0,72,63:109
222,63,218,54:128
222,63,218,54:128
222,63,218,54:128
222,63,218,54:128
222,63,218,54:128
222,63,218,54:128
222,63,218,54:128
222,63,218,54:128
222,63,218,54:128
222,63,218,54:128
222,63,218,54:128
222,63,218,54:128
222,63,218,54:128
222,63,218,54:128
222,63,218,54:128
222,63,218,54:128
222,63,218,54:128
222,63,218,54:128
222,63,218,54:128
222,63,218,54:128
192,69,59,5:128
192,69,59,5:128
192,69,59,5:128
192,69,59,5:128
192,69,59,5:128
192,69,59,5:128
192,69,59,5:128
192,69,59,5:128
192,69,59,5:128
192,69,59,5:128
192,69,59,5:128
192,69,59,5:128
192,69,59,5:128
192,69,59,5:128
192,69,59,5:128
192,69,59,5:128
192,69,59,5:128
192,69,59,5:128
192,69,59,5:128
192,69,59,5:128
219,152,64,104:108
219,152,64,104:108
219,152,64,104:108
219,152,64,104:108
219,152,64,104:108
219,152,64,104:108
219,152,64,104:108
219,152,64,104:108
219,152,64,104:108
219,152,64,104:108
219,152,64,104:108
219,152,64,104:108
219,152,64,104:108
219,152,64,104:108
219,152,64,104:108
219,152,64,104:108
219,152,64,104:108
219,152,64,104:108
219,152,64,104:108
219,152,64,104:108
219,152,64,104:108
219,152,64,104:108
219,152,64,104:108
219,152,64,104:108
219,152,64,104:108
219,152,64,104:108
10,20,0,172 :128
10,20,0,172 :128
10,20,0,172 :128
10,20,0,172 :128
10,20,0,172 :128
10,20,0,172 :128
195,118,22,117:115
195,118,22,117:115
195,118,22,117:115
195,118,22,117:115
195,118,22,117:115
195,118,22,117:115
195,118,22,117:115
195,118,22,117:115
195,118,22,117:115
195,118,22,117:115
195,118,22,117:115
195,118,22,117:115
195,118,22,117:115
195,118,22,117:115
195,118,22,117:115
195,118,22,117:115
195,118,22,117:115
195,118,22,117:115
195,118,22,117:115
195,118,22,117:115
195,118,22,117:115
195,118,22,117:115
195,118,22,117:115
195,118,22,117:115
195,118,22,117:115
195,118,22,117:115
210,81,128,152:128
210,81,128,152:128
210,81,128,152:128
210,81,128,152:128
210,81,128,152:128
210,81,128,152:128
210,81,128,152:128
210,81,128,152:128
210,81,128,152:128
210,81,128,152:128
210,81,128,152:128
210,81,128,152:128
10,22,1,1:128
10,22,1,1:128
10,22,1,1:128
10,22,1,1:128
10,22,1,1:128
10,22,1,1:128
10,22,1,1:128
10,22,1,1:128
10,22,1,1:128
10,22,1,1:128
10,22,1,1:128
10,22,1,1:128
10,22,1,1:128
10,22,1,1:128
10,22,1,1:128
10,22,1,1:128
199,144,126,62:128
199,144,126,62:128
199,144,126,62:128
199,144,126,62:128
199,144,126,62:128
199,144,126,62:128
199,144,126,62:128
199,144,126,62:128
199,144,126,62:128
199,144,126,62:128
199,144,126,62:128
199,144,126,62:128
199,144,126,62:128
199,144,126,62:128
199,144,126,62:128
199,144,126,62:128
199,144,126,62:128
199,144,126,62:128
208,0,72,57:228
208,0,72,57:228
208,0,72,57:228
208,0,72,57:228
208,0,72,57:228

