208,0,72,57:109 
208,0,72,60:109 
208,0,72,63:109 
208,0,72,66:109 
208,0,72,69:109 
208,0,72,72:109 
208,0,72,75:109 
208,0,72,78:109 
208,0,72,81:109 
208,0,72,84:109 
208,0,72,87:109 
208,0,72,56:109 
222,63,218,53:116 
218,49,52,48:117 
206,170,130,172:124 
195,159,81,7:105 
200,198,122,103:102 
200,198,122,106:102 
200,198,122,109:102 
200,198,122,112:102 
200,198,122,115:102 
200,198,122,118:102 
200,198,122,121:102 
200,198,122,124:102 
200,198,122,127:102 
200,198,122,130:102 
200,198,122,133:102 
200,198,122,102:102 
210,206,40,218:102 
208,181,99,120:98 
192,69,59,53:113 
219,152,64,104:108 
195,118,22,114:115 
195,118,22,117:115 
195,118,22,120:115 
195,118,22,123:115 
195,118,22,126:115 
195,118,22,129:115 
195,118,22,132:115 
195,118,22,135:115 
195,118,22,138:115 
195,118,22,141:115 
195,118,22,144:115 
195,118,22,113:115 
201,162,103,205:101 
210,84,17,183:105 
197,50,16,149:119 
193,133,10,69:122 
208,27,111,193:114 
208,27,111,196:114 
208,27,111,199:114 
208,27,111,202:114 
208,27,111,205:114 
208,27,111,208:114 
208,27,111,211:114 
208,27,111,214:114 
208,27,111,217:114 
208,27,111,220:114 
208,27,111,223:114 
208,27,111,192:114 
218,196,21,223:107 
211,36,17,10:128 
196,137,83,49:108 
210,81,128,152:127 
199,144,126,64:126 
199,144,126,67:126 
199,144,126,70:126 
199,144,126,73:126 
199,144,126,76:126 
199,144,126,79:126 
199,144,126,82:126 
199,144,126,85:126 
199,144,126,88:126 
199,144,126,91:126 
199,144,126,94:126 
199,144,126,63:126 
202,169,16,205:113 
209,140,90,156:113 
214,48,152,184:105 
212,198,196,248:100 
198,122,103,190:102 
198,122,103,193:102 
198,122,103,196:102 
198,122,103,199:102 
198,122,103,202:102 
198,122,103,205:102 
198,122,103,208:102 
198,122,103,211:102 
198,122,103,214:102 
198,122,103,217:102 
198,122,103,220:102 
198,122,103,189:102 
204,222,178,233:105 
214,56,221,184:99 
207,63,156,218:125 
197,123,33,213:106 
203,106,41,59:111 
203,106,41,62:111 
203,106,41,65:111 
203,106,41,68:111 
203,106,41,71:111 
203,106,41,74:111 
203,106,41,77:111 
203,106,41,80:111 
203,106,41,83:111 
203,106,41,86:111 
203,106,41,89:111 
203,106,41,58:111 
198,94,222,166:102 
195,6,41,230:127 
204,134,52,91:107 
200,190,139,237:119 
207,24,62,154:127 
207,24,62,157:127 
207,24,62,160:127 
207,24,62,163:127 
207,24,62,166:127 
207,24,62,169:127 
207,24,62,172:127 
207,24,62,175:127 
207,24,62,178:127 
207,24,62,181:127 
207,24,62,184:127 
207,24,62,153:127 
208,218,99,167:103 
219,197,142,214:114 
216,217,129,234:124 
207,67,109,178:118 
216,214,117,97:125 
216,214,117,100:125 
216,214,117,103:125 
216,214,117,106:125 
216,214,117,109:125 
216,214,117,112:125 
216,214,117,115:125 
216,214,117,118:125 
216,214,117,121:125 
216,214,117,124:125 
216,214,117,127:125 
216,214,117,96:125 
198,196,223,111:112 
221,213,103,88:116 
212,45,112,61:99 
223,2,10,139:126 
219,10,59,85:121 
219,10,59,88:121 
219,10,59,91:121 
219,10,59,94:121 
219,10,59,97:121 
219,10,59,100:121 
219,10,59,103:121 
219,10,59,106:121 
219,10,59,109:121 
219,10,59,112:121 
219,10,59,115:121 
219,10,59,84:121 
220,23,160,98:112 
210,130,85,144:98 
218,111,217,65:124 
209,199,18,9:101 
194,6,39,22:115 
194,6,39,25:115 
194,6,39,28:115 
194,6,39,31:115 
194,6,39,34:115 
194,6,39,37:115 
194,6,39,40:115 
194,6,39,43:115 
194,6,39,46:115 
194,6,39,49:115 
194,6,39,52:115 
194,6,39,21:115 
