208,0,72,56:109 
222,63,218,53:116 
218,49,52,48:117 
206,170,130,172:124 
195,159,81,7:105 
200,198,122,102:102 
210,206,40,218:102 
208,181,99,120:98 
192,69,59,53:113 
219,152,64,104:108 
195,118,22,113:115 
201,162,103,205:101 
210,84,17,183:105 
197,50,16,149:119 
193,133,10,69:122 
208,27,111,192:114 
218,196,21,223:107 
211,36,17,10:128 
196,137,83,49:108 
210,81,128,152:127 
199,144,126,63:126 
202,169,16,205:113 
209,140,90,156:113 
214,48,152,184:105 
212,198,196,248:100 
198,122,103,189:102 
204,222,178,233:105 
214,56,221,184:99 
207,63,156,218:125 
197,123,33,213:106 
203,106,41,58:111 
198,94,222,166:102 
195,6,41,230:127 
204,134,52,91:107 
200,190,139,237:119 
207,24,62,153:127 
208,218,99,167:103 
219,197,142,214:114 
216,217,129,234:124 
207,67,109,178:118 
216,214,117,96:125 
198,196,223,111:112 
221,213,103,88:116 
212,45,112,61:99 
223,2,10,139:126 
219,10,59,84:121 
220,23,160,98:112 
210,130,85,144:98 
218,111,217,65:124 
209,199,18,9:101 
194,6,39,21:115 
